72 30 3b 3e
00 00 00 01
00 00 00 04 
00 
00 00 00 08 
00 00 00 00 00 00 00 00 
01 
00 00 00 08 
00 00 00 00 00 00 00 00 
02 
00 00 00 04 
m a i n 
03 
00 00 00 06 
_ s t a r t 
00 00 00 02 
00 00 00 03 
00 00 00 00 
00 00 00 00 
00 00 00 00 
00 00 00 05 
    0c 00 00 00 00 
    01 00 00 00 00 00 00 00 00 
    17 
    1a 00 00 00 01 
    48 00 00 00 01 
00 00 00 02 
00 00 00 02 
00 00 00 00 
00 00 00 01 
00 00 00 0b 
    0a 00 00 00 00 
    01 00 00 00 00 00 00 00 00 
    17 
    0a 00 00 00 01 
    0a 00 00 00 00 
    13 
    17 
    0b 00 00 00 00 
    01 00 00 00 00 00 00 00 00 
    17 
    49 
